0.000002
0.000003
0.000005
0.000007
0.000011
0.000016
0.000024
0.000035
0.000054
0.000081
0.000119
0.000173
0.000244
0.000335
0.000438
0.000540
0.000630
0.000707
0.000761
0.000794
0.000813
0.000826
0.000832
0.000836
0.000837
0.000838
0.000840
0.000842
0.000842
0.000843
0.000844
0.000846
0.000846
0.000848
0.000848
0.000849
0.000851
0.000852
0.000852
0.000853
0.000853
0.000861
0.000861
0.000863
0.000863
0.000867
0.000869
0.000870
0.000871
0.000872
0.000873
0.000873
0.000877
0.000879
0.000879
0.000881
0.000881
0.000882
0.000882
0.000884
0.000885
0.000886
0.000886
0.000892
0.000892
0.000894
0.000895
0.000895
0.000896
0.000898
0.000899
0.000899
0.000902
0.000902
0.000903
0.000904
0.000905
0.000905
0.000907
0.000908
0.000909
0.000910
0.000911
0.000911
0.000912
0.000915
0.000915
0.000917
0.000917
0.000920
0.000921
0.000921
0.000923
0.000923
0.000924
0.000924
0.000926
0.000926
0.000928
0.000928
0.000937
0.000937
0.000941
0.000941
0.000943
0.000943
0.000946
0.000946
0.000947
0.000948
0.000948
0.000951
0.000951
0.000952
0.000952
0.000953
0.000954
0.000955
0.000955
0.000957
0.000957
0.000959
0.000960
0.000960
0.000961
0.000962
0.000962
0.000963
0.000963
0.000965
0.000966
0.000967
0.000967
0.000970
0.000970
0.000971
0.000971
0.000975
0.000977
0.000978
0.000980
0.000981
0.000981
0.000984
0.000985
0.000986
0.000986
0.000987
0.000988
0.000990
0.000993
0.000995
0.000995
0.000997
0.001000
0.001003
0.001003
0.001004
0.001005
0.001007
0.001009
0.001010
0.001010
0.001011
0.001012
0.001012
0.001014
0.001015
0.001018
0.001021
0.001023
0.001025
0.001027
0.001030
0.001034
0.001038
0.001043
0.001048
0.001051
0.001053
0.001056
0.001057
0.001057
0.001061
0.001061
0.001064
0.001065
0.001065
0.001067
0.001070
0.001075
0.001081
0.001088
0.001100
0.001116
0.001147
0.001200
0.001272
0.001376
0.001507
0.001642
0.001756
0.001833
0.001880
0.001913
0.001931
0.001947
0.001962
0.001971
0.001976
0.001979
0.001982
0.001985
0.001987
0.001989
0.001991
0.001991
0.001993
0.001994
0.001995
0.001995
0.001996
0.001997
0.001997
0.001999
0.002000
0.002002
0.002006
0.002011
0.002013
0.002014
0.002015
0.002015
0.002019
0.002022
0.002023
0.002023
0.002025
0.002027
0.002027
0.002029
0.002031
0.002032
0.002032
0.002034
0.002036
0.002039
0.002040
0.002041
0.002042
0.002042
0.002044
0.002045
0.002046
0.002048
0.002049
0.002050
0.002050
0.002052
0.002053
0.002053
0.002056
0.002057
0.002058
0.002058
0.002059
0.002059
0.002062
0.002062
0.002063
0.002064
0.002065
0.002065
0.002067
0.002069
0.002072
0.002076
0.002081
0.002085
0.002095
0.002111
0.002126
0.002145
0.002162
0.002182
0.002208
0.002243
0.002294
0.002368
0.002471
0.002582
0.002693
0.002780
0.002841
0.002891
0.002914
0.002926
0.002931
0.002935
0.002937
0.002939
0.002940
0.002940
0.002943
0.002943
0.002944
0.002944
0.002945
0.002945
0.002947
0.002947
0.002949
0.002950
0.002950
0.002951
0.002952
0.002952
0.002954
0.002955
0.002955
0.002956
0.002957
0.002960
0.002962
0.002964
0.002965
0.002965
0.002966
0.002967
0.002967
0.002972
0.002973
0.002975
0.002978
0.002980
0.002983
0.002984
0.002984
0.002986
0.002988
0.002990
0.002991
0.002993
0.002995
0.002995
0.002997
0.002997
0.002999
0.003000
0.003000
0.003002
0.003003
0.003003
0.003006
0.003010
0.003014
0.003016
0.003018
0.003019
0.003020
0.003020
0.003021
0.003022
0.003024
0.003025
0.003026
0.003029
0.003032
0.003035
0.003038
0.003042
0.003048
0.003052
0.003055
0.003059
0.003062
0.003069
0.003076
0.003082
0.003091
0.003095
0.003100
0.003106
0.003113
0.003122
0.003131
0.003138
0.003148
0.003157
0.003164
0.003170
0.003177
0.003188
0.003209
0.003233
0.003259
0.003289
0.003327
0.003386
0.003458
0.003532
0.003609
0.003694
0.003765
0.003824
0.003875
0.003909
0.003930
0.003945
0.003957
0.003962
0.003963
0.003963
0.003965
0.003966
0.003966
0.003967
0.003969
0.003970
0.003970
0.003971
0.003972
0.003972
0.003976
0.003976
0.003977
0.003978
0.003978
0.003981
0.003982
0.003984
0.003985
0.003985
0.003988
0.003991
0.003993
0.003996
0.003997
0.003997
0.004000
0.004001
0.004002
0.004003
0.004003
0.004008
0.004009
0.004010
0.004013
0.004015
0.004018
0.004020
0.004021
0.004023
0.004024
0.004025
0.004025
0.004026
0.004027
0.004030
0.004032
0.004034
0.004036
0.004036
0.004037
0.004038
0.004038
0.004040
0.004041
0.004041
0.004042
0.004042
0.004044
0.004044
0.004046
0.004046
0.004048
0.004048
0.004051
0.004051
0.004053
0.004053
0.004055
0.004056
0.004057
0.004057
0.004058
0.004058
0.004061
0.004061
0.004063
0.004064
0.004065
0.004065
0.004068
0.004068
0.004071
0.004071
0.004073
0.004073
0.004074
0.004075
0.004076
0.004076
0.004079
0.004079
0.004080
0.004081
0.004081
0.004082
0.004083
0.004084
0.004086
0.004090
0.004096
0.004102
0.004103
0.004105
0.004107
0.004107
0.004108
0.004108
0.004110
0.004112
0.004113
0.004113
0.004115
0.004115
0.004116
0.004118
0.004120
0.004123
0.004125
0.004128
0.004131
0.004136
0.004144
0.004154
0.004168
0.004181
0.004197
0.004212
0.004229
0.004251
0.004273
0.004307
0.004350
0.004409
0.004486
0.004561
0.004625
0.004704
0.004785
0.004846
0.004890
0.004929
0.004949
0.004966
0.004983
0.005001
0.005015
0.005024
0.005031
0.005037
0.005044
0.005049
0.005052
0.005053
0.005054
0.005054
0.005056
0.005057
0.005057
0.005061
0.005062
0.005062
0.005063
0.005063
0.005069
0.005071
0.005072
0.005073
0.005074
0.005076
0.005077
0.005078
0.005078
0.005079
0.005080
0.005081
0.005081
0.005082
0.005083
0.005084
0.005084
0.005088
0.005090
0.005095
0.005100
0.005108
0.005115
0.005120
0.005125
0.005128
0.005130
0.005130
0.005132
0.005132
0.005136
0.005137
0.005138
0.005140
0.005141
0.005142
0.005144
0.005144
0.005145
0.005146
0.005146
0.005149
0.005151
0.005155
0.005160
0.005166
0.005174
0.005177
0.005181
0.005186
0.005198
0.005212
0.005222
0.005236
0.005254
0.005266
0.005272
0.005279
0.005292
0.005310
0.005333
0.005354
0.005389
0.005428
0.005471
0.005526
0.005572
0.005612
0.005656
0.005710
0.005759
0.005808
0.005856
0.005900
0.005932
0.005955
0.005974
0.005991
0.006001
0.006013
0.006017
0.006021
0.006026
0.006028
0.006028
0.006030
0.006032
0.006033
0.006034
0.006035
0.006035
0.006036
0.006037
0.006038
0.006038
0.006040
0.006040
0.006041
0.006042
0.006045
0.006047
0.006049
0.006050
0.006052
0.006053
0.006053
0.006055
0.006056
0.006057
0.006058
0.006059
0.006061
0.006063
0.006066
0.006068
0.006070
0.006072
0.006074
0.006076
0.006076
0.006077
0.006080
0.006081
0.006083
0.006083
0.006085
0.006088
0.006091
0.006094
0.006096
0.006100
0.006103
0.006105
0.006106
0.006106
0.006109
0.006110
0.006111
0.006112
0.006112
0.006113
0.006113
0.006115
0.006115
0.006117
0.006117
0.006119
0.006119
0.006120
0.006121
0.006122
0.006124
0.006127
0.006131
0.006133
0.006135
0.006135
0.006136
0.006136
0.006139
0.006140
0.006142
0.006143
0.006143
0.006145
0.006145
0.006146
0.006147
0.006148
0.006148
0.006150
0.006152
0.006154
0.006156
0.006157
0.006159
0.006162
0.006163
0.006164
0.006164
0.006167
0.006168
0.006169
0.006169
0.006170
0.006172
0.006174
0.006179
0.006181
0.006181
0.006184
0.006187
0.006187
0.006188
0.006188
0.006190
0.006191
0.006192
0.006194
0.006195
0.006196
0.006199
0.006201
0.006204
0.006208
0.006208
0.006210
0.006210
0.006212
0.006213
0.006214
0.006214
0.006215
0.006217
0.006217
0.006223
0.006223
0.006225
0.006227
0.006229
0.006230
0.006230
0.006234
0.006236
0.006237
0.006238
0.006238
0.006239
0.006240
0.006242
0.006244
0.006245
0.006248
0.006255
0.006263
0.006275
0.006289
0.006307
0.006339
0.006367
0.006399
0.006438
0.006482
0.006521
0.006563
0.006615
0.006655
0.006698
0.006738
0.006777
0.006816
0.006846
0.006877
0.006907
0.006935
0.006957
0.006976
0.006991
0.007009
0.007022
0.007032
0.007042
0.007055
0.007063
0.007064
0.007065
0.007065
0.007066
0.007066
0.007070
0.007072
0.007072
0.007073
0.007073
0.007074
0.007075
0.007077
0.007079
0.007081
0.007082
0.007082
0.007087
0.007089
0.007091
0.007092
0.007092
0.007094
0.007095
0.007096
0.007097
0.007098
0.007098
0.007100
0.007102
0.007105
0.007109
0.007111
0.007113
0.007115
0.007116
0.007116
0.007119
0.007119
0.007121
0.007122
0.007123
0.007125
0.007126
0.007127
0.007128
0.007129
0.007129
0.007130
0.007133
0.007134
0.007135
0.007135
0.007137
0.007138
0.007139
0.007140
0.007140
0.007142
0.007144
0.007146
0.007148
0.007153
0.007164
0.007175
0.007190
0.007207
0.007216
0.007222
0.007228
0.007235
0.007239
0.007242
0.007245
0.007247
0.007251
0.007258
0.007264
0.007269
0.007276
0.007285
0.007294
0.007301
0.007309
0.007316
0.007325
0.007334
0.007345
0.007358
0.007374
0.007390
0.007412
0.007429
0.007452
0.007478
0.007496
0.007516
0.007537
0.007563
0.007581
0.007596
0.007612
0.007626
0.007637
0.007651
0.007662
0.007676
0.007690
0.007704
0.007724
0.007742
0.007757
0.007769
0.007782
0.007796
0.007815
0.007831
0.007846
0.007858
0.007870
0.007881
0.007891
0.007897
0.007904
0.007908
0.007916
0.007925
0.007935
0.007940
0.007944
0.007947
0.007952
0.007955
0.007956
0.007956
0.007957
0.007960
0.007965
0.007967
0.007970
0.007970
0.007972
0.007972
0.007974
0.007976
0.007977
0.007977
0.007980
0.007981
0.007981
0.007982
0.007985
0.007986
0.007989
0.007990
0.007991
0.007992
0.007993
0.007994
