551.592851
551.563172
551.532643
551.476209
551.409387
551.281637
551.128293
550.866791
550.527502
549.927968
549.087870
547.890690
546.200969
543.948512
541.091666
537.856285
534.610348
531.769769
529.327221
527.624723
526.568319
525.961358
525.540910
525.350946
525.224108
525.189643
525.158182
525.093658
525.030499
525.182945
525.149904
525.119187
525.054736
525.855390
525.822457
526.005430
525.974032
525.917334
525.883449
525.991511
525.959104
532.837423
532.807273
533.600493
533.568060
536.836061
536.807904
536.744386
536.712803
536.680431
536.649951
536.616746
539.810528
539.780054
539.726110
540.459249
540.426087
541.073541
541.040826
541.987757
541.955513
541.921494
541.887196
546.650711
546.619827
547.204329
547.170230
547.140665
547.848289
547.816552
547.756475
547.722741
549.347541
549.316869
549.373973
549.342201
549.310212
549.277281
549.814454
549.783465
549.755563
549.729532
549.699668
549.665025
550.294166
550.258897
550.166092
551.264157
551.228207
553.322109
553.290461
553.258511
553.350702
553.323906
553.331234
553.300376
554.369020
554.338969
555.584991
555.551502
563.462949
563.434057
566.582342
566.549831
567.456353
567.423961
569.193067
569.159518
569.305806
569.271770
569.241228
571.668091
571.634842
571.729558
571.699875
571.779827
571.745670
571.718129
571.687938
571.962170
571.930261
572.966185
572.934090
572.900603
573.054507
573.024645
572.994286
573.392095
573.358892
574.078479
574.046012
574.014774
573.984722
575.641718
575.611778
575.694050
575.662126
578.857250
578.828161
578.761958
578.727491
578.668339
578.636135
580.390045
580.356057
580.325105
580.291284
580.518456
580.485182
580.449308
580.383536
580.292121
580.229755
581.569974
581.535622
581.436707
581.341594
581.467320
581.435437
581.406191
581.339384
581.271750
581.240101
581.264992
581.232232
581.199236
581.464521
581.432465
581.399415
581.300160
581.207048
581.145502
581.076180
581.016042
580.917575
580.789500
580.664895
580.504774
580.347415
580.252898
580.186587
580.087785
580.052700
583.429253
583.399326
585.479502
585.448752
585.415299
586.732261
586.703388
586.610902
586.450194
586.265388
586.051763
585.673257
585.176902
584.214613
582.541098
580.229120
576.934393
572.742710
568.478820
564.837920
562.420322
560.899802
559.842484
559.261229
558.733196
558.265347
557.976841
557.813235
557.719224
557.634334
557.538620
557.475445
557.415300
557.353320
557.630173
557.596395
557.571334
557.538753
558.362961
558.331298
558.298656
559.134124
559.106455
559.075095
559.009441
558.881021
558.726481
558.658439
558.627672
558.596050
560.894353
560.863095
560.779309
560.748726
561.963188
561.930049
561.866877
562.625560
562.592861
562.533832
562.500091
564.200442
564.166790
564.101445
564.011891
563.982015
563.950725
563.918947
564.739389
564.703600
564.670637
564.640698
564.578843
564.547995
564.519220
565.913596
565.884028
565.854039
566.983293
566.950950
566.917213
566.881974
567.528697
567.497656
569.328426
569.309538
569.552290
569.516932
569.483341
569.456851
569.780808
569.750281
569.693073
569.592725
569.471476
569.310050
569.185056
568.861582
568.373299
567.906888
567.305132
566.759483
566.131746
565.299103
564.186296
562.563152
560.247266
557.000869
553.457600
549.917881
547.131932
545.223433
543.652460
542.931628
542.553017
542.405275
542.273003
542.210766
542.155999
542.123163
544.128694
544.099254
544.133605
544.100949
544.799462
544.766662
545.100906
545.070889
545.917484
545.889482
545.854934
546.537914
546.509250
546.478134
546.803240
546.774244
546.744079
547.292613
547.258605
547.226893
547.127570
547.063751
547.000123
546.973160
547.161842
547.131033
547.096510
550.838582
550.807599
550.778828
550.711876
550.611002
550.547739
550.448176
550.416184
551.651033
551.621043
551.552331
551.493583
551.460969
551.395417
551.333373
551.682103
551.647574
553.003490
552.973177
552.943518
553.636904
553.603564
553.574351
555.596204
555.562402
555.436851
555.307352
555.242130
555.173002
555.138253
555.109199
555.581390
555.550235
555.521732
555.460364
555.435841
555.403465
555.304688
555.209770
555.119736
555.025583
554.901933
554.704554
554.583354
554.487804
554.366449
554.282641
554.065249
553.849036
553.661436
553.374275
553.247410
553.086002
552.898549
552.682880
552.384062
552.104064
551.882539
551.557876
551.287606
551.064236
550.874390
550.647165
550.295563
549.625017
548.876988
548.044946
547.080904
545.869155
544.004811
541.761679
539.423329
536.964223
534.270920
532.028277
530.132958
528.549726
527.456802
526.791543
526.312095
525.938591
525.781372
525.752980
526.322187
526.291083
526.261045
526.418453
526.385218
526.322506
526.290668
526.358458
526.327676
526.297453
529.416438
529.383943
529.709385
529.679955
529.649266
531.063617
531.031526
531.005766
530.939833
530.910825
532.944433
532.910820
532.817326
532.752653
532.662342
532.631078
534.626400
534.595820
534.566549
534.533070
534.502540
538.387610
538.352856
538.319705
538.286299
538.190190
538.126917
538.030879
537.971348
537.937658
537.874551
537.841016
537.809878
538.327855
538.295573
538.264744
538.165411
538.101483
538.036259
537.974253
538.146469
538.116887
538.085913
538.592359
538.563124
538.530963
539.093197
539.058356
539.965566
539.934947
540.164828
540.132867
541.294389
541.264074
543.638983
543.604857
544.871810
544.840065
545.059223
545.028373
544.995174
544.966273
545.009141
544.977560
547.679306
547.648834
548.351065
548.323446
548.292441
548.259185
549.844665
549.815786
552.079341
552.051140
553.094183
553.058858
553.500021
553.467836
553.437393
553.405879
554.516697
554.485449
554.838245
554.811112
554.778875
554.968794
554.935090
554.906117
554.874799
554.808112
554.671089
554.481025
554.294473
554.264535
554.202940
554.142336
554.249868
554.215603
555.125712
555.092537
555.033386
555.004084
555.663867
555.630960
556.215247
556.182766
556.124700
556.060884
555.967947
555.902556
555.805480
555.710945
555.555835
555.311166
554.992561
554.560226
554.144251
553.628077
553.144614
552.615617
551.930147
551.255065
550.184115
548.820951
546.941232
544.547480
542.126184
540.087765
537.557937
534.952047
533.058555
531.663410
530.426755
529.806866
529.270644
528.734341
528.176837
527.745131
527.463669
527.234196
527.045965
526.830480
526.669499
526.577560
526.544114
526.509860
527.178820
527.145608
527.111304
529.605522
529.576092
529.542185
530.008176
529.975587
534.525359
534.492954
534.426915
534.396520
534.363339
534.333771
534.269064
534.238450
534.208892
534.329545
534.296147
534.263032
534.231044
534.481740
534.451797
534.420486
534.394483
537.069391
537.036821
536.974709
536.817189
536.660621
536.402256
536.186679
536.035369
535.875418
535.776087
535.718377
537.352451
537.329761
539.999552
539.967037
539.934343
539.910115
539.852171
539.824308
539.788806
539.723589
540.261772
540.231813
540.197766
541.534885
541.506139
541.443355
541.313972
541.155097
540.968736
540.716871
540.618501
540.503297
540.349264
539.971890
539.532279
539.218926
538.773082
538.186526
537.801805
537.616089
537.398001
537.003073
536.449089
535.715924
535.055134
533.949741
532.726852
531.342646
529.604011
528.146571
526.896949
525.511129
523.816473
522.241012
520.651891
519.124206
517.732628
516.727053
515.993779
515.378045
514.831229
514.512395
514.151562
514.027892
513.896163
513.736386
513.674741
514.425569
514.395603
514.331932
514.301136
514.272426
514.239291
514.732700
514.698545
514.662035
514.632300
515.700406
515.668260
515.775283
515.742928
515.711175
515.614456
515.552353
515.485218
515.456236
515.395188
515.359476
515.766355
515.730297
515.696859
515.665027
515.633006
515.600900
515.538834
515.474460
515.379274
515.315752
515.252538
515.186788
515.124862
515.057374
515.192870
515.159823
515.059935
515.032797
514.967499
515.943467
515.909198
515.812371
515.726363
515.635185
515.569866
515.447009
515.342287
515.281037
515.248777
517.384644
517.352938
517.320835
517.284238
517.253003
517.505439
517.472672
518.578875
518.550976
519.491110
519.458805
520.510737
520.479027
520.551152
520.518716
520.487080
520.454501
520.396498
520.308700
520.194195
520.132478
520.068414
520.183498
520.153357
522.094484
522.061116
522.028068
521.961713
521.930263
522.809158
522.779017
522.971170
522.942541
522.909029
522.874758
523.529873
523.498735
523.435725
523.373775
523.313117
523.279459
523.212019
523.113174
523.081488
523.046682
524.703630
524.673044
524.641924
524.611302
525.011622
524.981404
524.915103
524.848100
524.691119
524.624225
526.588744
526.554141
526.470021
526.817523
526.787535
526.947600
526.916345
526.885595
526.852577
526.786373
526.755502
526.726570
526.626750
526.563025
526.471269
526.340941
527.745452
527.713507
528.432382
528.403412
528.369309
528.337708
528.898901
528.866259
528.808917
533.142733
533.112162
534.528154
534.499569
534.442164
534.377733
534.345874
537.383914
537.350280
537.286412
537.255953
537.224263
537.346728
537.315725
537.284309
537.230668
537.171513
537.140270
537.045838
536.827384
536.575578
536.203229
535.764584
535.197735
534.191768
533.325818
532.295017
531.069216
529.685934
528.470255
527.130243
525.482814
524.212626
522.826834
521.553080
520.306475
519.083232
518.118879
517.134607
516.191683
515.301731
514.593247
514.004315
513.530923
512.952398
512.545249
512.232895
511.903135
511.487049
511.230761
511.201652
511.170260
511.310486
511.278040
513.758991
513.723917
513.655981
513.734596
513.705028
514.195014
514.164703
514.133058
514.074927
514.010988
513.939286
513.907053
517.468656
517.436676
517.378496
517.321406
517.287538
518.194664
518.162527
518.135232
518.102272
518.071884
518.040636
519.645321
519.612558
519.552168
519.450790
519.320971
519.262083
519.198861
519.138839
519.109306
520.563110
520.530035
521.268862
521.239733
521.209082
521.176144
521.107798
521.074280
521.042420
521.007751
520.975966
521.688053
521.655695
521.561106
521.529730
521.497720
522.265296
522.235629
522.202426
522.171645
522.141816
522.830677
522.797236
522.734084
522.665395
522.599755
522.442155
522.119135
521.783801
521.310904
520.778504
520.485897
520.312262
520.128710
519.912267
519.789249
519.686224
519.590772
519.525299
519.390622
519.174210
518.979021
518.824464
518.605883
518.328924
518.045861
517.819899
517.577631
517.360108
517.074737
516.780846
516.447190
516.029307
515.542971
515.035749
514.339791
513.817032
513.101976
512.284037
511.707226
511.057061
510.383692
509.563830
508.986361
508.514445
508.013779
507.570893
507.236724
506.793177
506.437581
505.998601
505.561507
505.116626
504.476906
503.899552
503.421591
503.027887
502.615350
502.173181
501.557840
501.052992
500.585929
500.200635
499.819300
499.478905
499.167494
498.976083
498.756759
498.622882
498.368621
498.084143
497.763295
497.610924
497.477683
497.391421
497.239249
497.137764
497.102889
497.569046
497.537231
497.442674
497.281549
497.221381
497.121668
498.021015
497.989209
498.723869
498.690840
498.628308
498.597733
500.256385
500.225149
500.193123
500.731029
500.702170
500.610154
500.579547
500.485877
500.454245
500.421367
500.390693
500.357305
